115599
123123
200120002001
100200300
1020300
102030
admin
admin123
administrator
test
root
r00t
t00r
toor
testing
!@#$%^
^%$#@!
!@##@!
123321
123123
admin1234
admin12345
admin1
admin12
123123123
123123123123
123123123123123
123321
1234567890
123456
12344321
123451234
1234123
1234567
12345678
12131415
1234512345
1234554321
121212
111222333
123123
112233
111122223333
1122334455
112233445566
11223344556677
1122334455667788
112233445566778899
11223344
111111
1111111
11111111
111111111
1111111111
11111111111
111111111111
10203040
1020304050
102030405060
10203040506070
1020304050607080
102030405060708090
100100
100200
100200300
100200300400
100200300400500
100200300400500600
100000
222222
333333
444444
555555
666666
777777
888888
999999
000000
00000000
007007
098765
0987654321
987654321
87654321
5678956789
789456
7777777
88888888
99999999
1236547
654321
02587410
987456321
789654123
951753
753951
85208520
9425111
4580456
0666979
44r35e4t
RTThmwjrl
13102001
aaswee
admin
administator
Abcdefg
!@#$%^&
1q2w3e
1234qwer
123qweasd
12345qwertasdfg
QWERTasdfg
qwertyuiop[]
1234567890-=
=-0987654321
=-098][poi
54321trewq
!@#$%^&*()_+
!@#$%!@#$%
!@#$%QWERT
qwertyuiasdfghj
asdfghjkl;'
zxcvbnm,./
1qaz2wsx
12qwaszx
password
passwd
5482325347^$#@@
%&^*^%^%$#%
@#$%^%$&^
@!~!@
#!@#!~@#~
^%*((&*(
^&%$%@##~!@FDJ
@!$#@%^&*^(
(*&(^$!@#@#
%^%*&)(*)
&^*&%$@#!@#
@!#@^*&)(*
^&^UYHRT^
@!#~!W@!R
#@$@#E@!~#E
@#$%#T^Y&
54654^T$$#^$%
RTRY%^&^%&Y
24g4f54ty
ty864y6y+
tryt9yt
ty4597y
tyt79
dfdsrfes%$^%*&^(
@!#@#%^&(*
121212
212121
101010
010101
050505
505050
111111
222222
333333
666666
555555
444444
777777
888888
999999
123456z
123456x
123456c
123456v
123456b
123456n
123456m
123456a
123456s
123456d
123456f
123456g
123456h
123456j
123456k
123456l
123456q
123456w
123456e
123456r
123456t
123456y
123456u
123456i
123456o
123456p
123123
12345z
12345x
12345c
12345v
12345b
12345n
12345m
12345a
12345s
12345d
12345f
12345g
12345h
12345j
12345k
12345l
12345q
12345w
12345e
12345r
12345t
12345y
12345u
12345i
12345o
12345p
zxcvbn
asdfgh
qwerty
zxc123
asd123
qwe123
zxcvbnm
asdfghjkl
qwertyuiop
147258
456789
0123456789
012345
0123456
6543210
102030
101010
123123
321321
112233
332211
121212
212121
prorat
abc123
password
passwd
123456
010101
01010101
10101010
101010
admin
1010101
10101010
101010
19701970
19711971
19721972
19731973
19741974
19751975
19761976
19771977
19781978
19791979
19801980
19811981
12345678910
1234567890
123456789
12345678
1234567
123123
741852963
147258369
159357
357159
13579
2468
246810
111111
1111111
11111111
222222
2222222
22222222
333333
3333333
33333333
444444
4444444
444444444
555555
5555555
55555555
66666
666666
6666666
66666666
777777
7777777
77777777
888888
8888888
88888888
99999
999999
9999999
99999999
000000
0000000
00000000
102030
101010
123123
321321
112233
332211
121212
212121
21211022
10sne1
111111
121212
123123
123456
1234567
12345678
123456789
1234qwer
123abc
131313
13579
14430
199220706
1a2b3c
1p2o3i
1q2w3e
1qw23e
1sanjose
21122112
2welcome
4runner
6071992
654321
666666
696969
8675309
888888
99999999
<unknown>
@#$`^&
a12345
a1b2c3
a1b2c3d4
aaaaaa
aalii
00000
000000
0000000
00000000
000000009
000000011
00000040
0000007
0000019
000007
00001111
00001969
00007
0000qw
0001000
000111
000134
000153
0002006
000249
000571
000925
0009732
000ersin
001001
0010068163
001071
001100
001122
00119945
0012345
001239
00130013
001301
00132580
001453
00174800
0018754
001926
0019800840
00198800
001989
001991
001992
001995
002006
0020134537
0020602060
002200
002233
0025014
002731186
002758
002929
0034
003400
003487
00376370
003a9cd5
004063
004455q
0047204
00531531
0053695
00561100
0066789
007
007007
00720072
007d8sa7
00931687
00950e
0096341
00967515
00alero
00bond
00bouer
00hasi00
010101
01010202
01011970
01011985
01011988
0101239034
010136
0101991336
0101rojo
010201023
010203
010205
01021975
01022837
0103060120
01031975
01036392
010376
0103775433
010403
01041958
147258369
147258
147852369
147852
1478520
01478520
01478520369
01478963.
159753.
0908080
@!34567Q
32438734
0559512
429587345
54645
292382
432543
8747464
101020203030
3030201010
40506060
0000
00000
000000
0000000
00000000
000000000
0000000000
1111
11111
111111
1111111
11111111
111111111
1111111111
2222
22222
222222
2222222
22222222
222222222
2222222222
3333
33333
333333
3333333
33333333
333333333
3333333333
4444
44444
444444
4444444
44444444
444444444
4444444444
5555
55555
555555
5555555
55555555
555555555
5555555555
6666
66666
666666
6666666
66666666
666666666
6666666666
66666666666
7777
77777
777777
7777777
77777777
777777777
7777777777
8888
88888
888888
8888888
88888888
888888888
8888888888
9999
99999
999999
9999999
99999999
999999999
9999999999
1234
12345
123456
1234567
123456789
0123
01234
012345
0123456
01234567
012345678
0123456789
9876
98765
987654
9876543
98765432
987654321
9876543210
0147
0258
0369
1010
101010
10101010
1010101010
101010101010
10101010101010
1010101010101010
2020
202020
20202020
2020202020
202020202020
20202020202020
3030
303030
30303030
3030303030
303030303030
30303030303030
4040
404040
40404040
4040404040
404040404040
40404040404040
5050
505050
50505050
5050505050
505050505050
50505050505050
6060
606060
60606060
6060606060
606060606060
60606060606060
7070
707070
70707070
7070707070
707070707070
7070707070707
70707070707070
8080
808080
80808080
8080808080
808080808080
80808080808080
9090
90909
909090
90909090
9090909090
909090909090
90909090909090
0101
010101
01010101
0101010101
010101010101
01010101010101
0202
020202
02020202
0202020202
020202020202
02020202020202
0303
030303
03030303
0303030303
030303030303
03030303030303
0303030303030303
0404
040404
04040404
0404040404
040404040404
04040404040404
0404040404040404
040404040404040404
0505
050505
05050505
0505050505
050505050505
05050505050505
0606
060606
06060606
0606060606
060606060606
06060606060606
0707
070707
07070707
0707070707
070707070707
07070707070707
0707070707070707
0808
080808
08080808
0808080808
080808080808
08080808080808
0808080808080808
0909
090909
09090909
0909090909
090909090909
09090909090909
0909090909090909
090909090909090909
00100
00200
00300
00400
00500
00600
00700
00900
001100
002200
003300
004400
005500
006600
007700
008800
009900
0012300
00123400
001234500
001234500
0012345600
00123456700
001234567800
0012345678900